0.216889 -0.584324 2.77533 -0.778775 -0.494826 2.80067 
0.132996 -0.58082 2.77722 -0.861817 -0.479392 2.78487 
-0.693168 -0.473343 2.36614 -1.50309 -0.343865 1.79407 
-0.769955 -0.464637 2.30989 -1.56546 -0.322369 1.72088 
-1.32469 -0.407187 1.49755 -1.53679 -0.299523 0.526244 
-1.34784 -0.401368 1.40597 -1.56295 -0.282102 0.436685 
-1.03506 -0.346815 0.1978 -0.406089 -0.298248 -0.578108 
-0.975914 -0.344275 0.125625 -0.329464 -0.311856 -0.636642 
0.0368033 -0.352135 -0.507654 1.03301 -0.397529 -0.581836 
0.134543 -0.358066 -0.51234 1.13282 -0.386654 -0.563592 
1.0946 -0.450306 -0.126245 1.86396 -0.553569 0.504165 
1.16609 -0.462112 -0.0628307 1.9331 -0.567249 0.570129 
1.75848 -0.563401 0.772668 1.98246 -0.631357 1.74489 
1.77477 -0.569653 0.860892 1.98518 -0.627419 1.8368 
1.40364 -0.614118 2.03428 0.795885 -0.604787 2.82835 
1.34126 -0.614745 2.11622 0.721853 -0.598029 2.90111 
0.233981 -0.253787 2.77938 -0.763367 -0.188281 2.81109 
0.135061 -0.248399 2.77953 -0.862907 -0.184907 2.77423 
-0.703363 -0.157621 2.372 -1.48943 -0.0336629 1.76642 
-0.77944 -0.146905 2.30715 -1.56175 -0.0412108 1.6933 
-1.32372 -0.0781143 1.52386 -1.56868 0.0107135 0.558405 
-1.34695 -0.0698608 1.43226 -1.55007 0.0243117 0.457648 
-1.01528 -0.0146774 0.219337 -0.368327 0.0296706 -0.5419 
-0.95091 -0.0189447 0.146899 -0.280672 0.0310755 -0.593561 
0.0608546 -0.0205286 -0.496571 1.05928 -0.0346482 -0.550915 
0.158807 -0.0251689 -0.500848 1.15796 -0.0414448 -0.538692 
1.1232 -0.125403 -0.0973696 1.88845 -0.197558 0.542304 
1.20107 -0.135605 -0.0275487 1.96891 -0.179343 0.611597 
1.79267 -0.226485 0.784438 1.99664 -0.233948 1.76339 
1.80795 -0.232526 0.879157 1.99066 -0.279909 1.86118 
1.4285 -0.276821 2.07787 0.81195 -0.271012 2.86516 
1.3706 -0.277803 2.15217 0.753406 -0.27849 2.93898 
0.266893 0.103371 2.79976 -0.73013 0.165057 2.84601 
0.167562 0.10678 2.803 -0.828464 0.193925 2.82136 
-0.68845 0.199756 2.39587 -1.4683 0.324394 1.78243 
-0.764805 0.209105 2.33068 -1.54118 0.359677 1.71865 
-1.29394 0.280681 1.55353 -1.51896 0.365962 0.582919 
-1.31689 0.287644 1.45887 -1.51972 0.398274 0.485927 
-0.994579 0.346659 0.236299 -0.339329 0.36978 -0.518759 
-0.936638 0.346074 0.163558 -0.282375 0.368609 -0.592374 
0.0879883 0.335371 -0.475573 1.08632 0.314929 -0.529543 
0.186882 0.331963 -0.481631 1.18398 0.27634 -0.533709 
1.15527 0.23088 -0.0587515 1.93726 0.166284 0.561182 
1.22926 0.22266 0.00430675 2.00062 0.172906 0.638749 
1.82113 0.133214 0.81774 1.99895 0.0697054 1.79975 
1.83486 0.124718 0.916139 2.01731 0.0751061 1.8981 
1.45937 0.0811611 2.07372 0.87489 0.0702249 2.88506 
1.39929 0.0776723 2.16506 0.800754 0.0779913 2.96616 
1.49394 -0.406759 0.336287 1.63374 0.58316 0.358994 
1.50811 -0.294194 0.340896 1.62267 0.698335 0.382877 
-0.464694 -0.14251 -0.400705 -0.396977 0.851246 -0.312035 
-0.455618 -0.0387763 -0.389045 -0.378263 0.953861 -0.295837 
-1.33856 -0.193401 0.769796 -1.3191 0.804691 0.828386 
-1.33635 -0.0842026 0.775993 -1.29532 0.913219 0.834861 
-0.184578 -0.404561 2.6659 -0.130508 0.588391 2.77136 
-0.179444 -0.302725 2.67882 -0.123001 0.692793 2.75471 
-1.30368 -0.188547 0.652408 -1.30051 0.810736 0.690137 
-1.30055 -0.0800167 0.657461 -1.24324 0.916137 0.72374 
-0.346757 -0.148166 -0.445567 -0.296522 0.849735 -0.404707 
-0.339687 -0.0393183 -0.435152 -0.284372 0.956397 -0.361042 
